235台灣新北市中和區莒光路,60,1,-0.000224,0.000027,0,0,無,3,0,24.994755,121.469022,24.994755,121.469022,24.993513,121.467415
220台灣新北市板橋區忠孝路190巷,40,1,0.000117,-0.000317,0,0,無,0,0
220台灣新北市板橋區忠孝路,60,3,-0.000078,0.000370,1,25.002567,220台灣新北市板橋區忠孝路176巷,0,1,25.002330,121.463280
235台灣新北市中和區國光街,60,5,-0.000146,0.000499,1,25.000304,235台灣新北市中和區莒光路,0,1,25.000304,121.472714
235台灣新北市中和區華安街16巷,40,0,0,0,0,0,無,2,0,24.997915,121.466085,24.997898,121.466871
235台灣新北市中和區華安街19巷,40,0,0,0,0,0,無,1,0,24.997898,121.466871
235台灣新北市中和區華安街21巷,40,0,0,0,0,0,無,1,0,24.997470,121.467373
235台灣新北市中和區華安街30巷,40,0,0,0,0,0,無,1,0,24.997750,121.467002
235台灣新北市中和區華安街32巷,40,0,0,0,0,0,無,1,0,24.997470,121.467373
235台灣新北市中和區華安街,60,5,-0.000303,0.000252,3,121.469043,235台灣新北市中和區莒光路,1,1,24.994755,121.469022,24.994716,121.469043
236台灣新北市土城區延壽路115巷,40,0,0,0,0,0,無,1,0,24.994182,121.469043
236台灣新北市土城區延壽路113巷,40,0,0,0,0,0,無,1,0,24.994017,121.469073
236台灣新北市土城區延壽路111巷,40,0,0,0,0,0,無,2,0,24.993686,121.469089,24.993367,121.467595
236台灣新北市土城區延壽路109巷,40,0,0,0,0,0,無,1,0,24.993399,121.469035
236台灣新北市土城區延壽路77巷4弄,40,0,0,0,0,0,無,1,0,24.992543,121.469183
236台灣新北市土城區延壽路77巷,40,0,0,0,0,0,無,1,0,24.992543,121.469183
236台灣新北市土城區延壽路55巷,40,0,0,0,0,0,無,1,0,24.992127,121.469727
236台灣新北市土城區延壽路,60,2,0,0,0,0,無,1,0,24.994755,121.469022
236台灣新北市土城區延平街69巷,40,0,0,0,0,0,無,2,0,24.993389,121.467461,24.992871,121.467710
236台灣新北市土城區延平街62巷,40,0,0,0,0,0,無,1,0,24.992696,121.467890
236台灣新北市土城區延平街,60,5,0.000143,-0.000059,4,121.467500,236台灣新北市土城區延平街69巷,0,1,24.993423,121.467500
235台灣新北市中和區壽德街,60,4,-0.000517,0.000261,0,0,無,1,0,24.993513,121.467415
220台灣新北市板橋區廣權路,60,7,-0.000389,-0.000644,1,24.993008,220台灣新北市板橋區五權街,0,1,24.993013,121.465080
235台灣新北市中和區德光路27巷,40,2,0,0,0,0,無,0,0
235台灣新北市中和區民生街35巷,40,6,0.000145,-0.000051,4,121.470295,235台灣新北市中和區民生街,0,1,25.005406,121.470289
220台灣新北市板橋區重慶路269巷,40,0,0,0,0,0,無,1,0,24.998621,121.465757
235台灣新北市中和區華順街,60,0,0,0,0,0,無,2,0,24.998469,121.466059,24.995689,121.464820
235台灣新北市中和區華福街71巷,40,0,0,0,0,0,無,1,0,24.996897,121.467842
235台灣新北市中和區民德路,60,3,0.000119,-0.000003,3,121.468886,235台灣新北市中和區國光街,2,1,24.996897,121.467842,24.994262,121.466695,25.001122,121.468886
235台灣新北市中和區民享街,60,0,0,0,0,0,無,1,0,24.992189,121.469833
220台灣新北市板橋區廣和街,60,0,0,0,0,0,無,1,0,24.991659,121.462698
220台灣新北市板橋區和平路174巷,40,0,0,0,0,0,無,1,0,24.993475,121.465737
220台灣新北市板橋區五權街30巷37弄,40,0,0,0,0,0,無,1,0,24.992189,121.463603
220台灣新北市板橋區五權街32巷,40,0,0,0,0,0,無,1,0,24.992583,121.464338
220台灣新北市板橋區五權街,60,0,0,0,0,0,無,1,0,24.993033,121.465059
220台灣新北市板橋區信義路279巷,40,0,0,0,0,0,無,1,0,24.992393,121.464173
235台灣新北市中和區德光路,20,0,0,0,0,0,無,1,0,25.003479,121.468782
