77
220台灣新北市板橋區忠孝路196巷,50,20,0
121.465354,25.002610,121.465367,25.002508,2,0,0,0,0
121.465367,25.002508,121.465606,25.001040,3,1,1,1,1,0.000024,-0.000156,1,0,220台灣新北市板橋區忠孝路190巷,1,121.465367,25.002508,1,121.465367,25.002508
235台灣新北市中和區民生街35巷,50,3,0
121.470296,25.005409,121.470395,25.005149,2,0,0,0,0
121.470395,25.005149,121.470419,25.005059,2,0,0,0,0
121.470419,25.005059,121.470712,25.004286,2,0,0,0,0
235台灣新北市中和區德光路27巷,50,3,0
121.471138,25.003158,121.471077,25.003334,2,0,0,0,0
121.471077,25.003334,121.470980,25.003635,2,0,0,0,0
121.470980,25.003635,121.470712,25.004286,2,0,0,0,0
235台灣新北市中和區民生街35巷1弄,50,1,0
121.470769,25.005263,121.470425,25.005153,3,1,2,0,1,-0.000080,-0.000024,1,2,235台灣新北市中和區民生街35巷,2,1,235台灣新北市中和區民生街35巷,3,121.470425,25.005153
235台灣新北市中和區民生街35巷2弄,50,1,0
121.469459,25.004796,121.470401,25.005056,3,1,2,0,1,0.000099,0.000027,1,1,235台灣新北市中和區民生街35巷,2,2,235台灣新北市中和區民生街35巷,3,121.470401,25.005056
235台灣新北市中和區莒光路3巷,50,1,0
121.472836,25.006138,121.471942,25.006065,3,1,2,0,1,-0.000121,0.000000,1,1,235台灣新北市中和區莒光路,2,0,235台灣新北市中和區莒光路,3,121.471942,25.006065
235台灣新北市中和區中山路三段,50,1,0
121.479955,25.005926,121.471321,25.006539,3,1,1,0,1,-0.000172,0.000015,1,0,235台灣新北市中和區莒光路,1,121.471849,25.006432
235台灣新北市中和區德光路15巷,50,2,0
121.471140,25.004386,121.471459,25.003324,0,0,0,0,0
121.471459,25.003324,121.471161,25.003156,3,1,1,0,1,-0.000123,-0.000039,2,0,235台灣新北市中和區德光路27巷,2,121.471161,25.003156
235台灣新北市中和區德光路35巷48弄,50,1,0
121.470503,25.002735,121.471144,25.003146,3,1,1,0,1,0.000097,0.000061,1,0,235台灣新北市中和區德光路27巷,1,121.471144,25.003146
235台灣新北市中和區德光路27巷34弄,50,1,0
121.470196,25.003101,121.471060,25.003339,3,1,2,0,1,0.000083,0.000027,1,1,235台灣新北市中和區德光路27巷,2,0,235台灣新北市中和區德光路27巷,3,121.471060,25.003339
235台灣新北市中和區德光路27巷24弄,50,1,0
121.470143,25.003368,121.470958,25.003626,3,1,2,0,1,0.000083,0.000027,1,2,235台灣新北市中和區德光路27巷,2,1,235台灣新北市中和區德光路27巷,3,121.470958,25.003626
235台灣新北市中和區德光路96巷,50,1,0
121.468341,25.004250,121.468683,25.003470,3,1,1,0,1,0.000056,-0.000131,2,1,235台灣新北市中和區德光路,2,121.468683,25.003470
235台灣新北市中和區國光街142巷,50,1,0
121.468057,25.003151,121.468320,25.001410,3,1,4,0,2,-0.000014,0.000094,2,1,235台灣新北市中和區德光路,1,2,235台灣新北市中和區德光路,1,4,235台灣新北市中和區國光街,2,5,235台灣新北市中和區國光街,3,121.468057,25.003151,3,121.468320,25.001410
220台灣新北市板橋區忠孝路忠義巷8弄,50,1,0
121.465296,25.003494,121.465557,25.002704,3,1,2,0,1,0.000002,0.000051,2,2,220台灣新北市板橋區忠孝路,1,1,220台灣新北市板橋區忠孝路,3,121.465557,25.002704
220台灣新北市板橋區忠孝路239巷,50,2,0
121.468188,25.004824,121.466166,25.003152,0,0,0,0,0
121.466166,25.003152,121.466246,25.002836,3,1,2,0,1,0.000064,0.000243,1,0,220台灣新北市板橋區忠孝路,2,1,220台灣新北市板橋區忠孝路,3,121.466246,25.002836
220台灣新北市板橋區忠孝路201巷,50,1,0
121.464559,25.005425,121.465064,25.002683,3,1,2,0,1,0.000006,-0.000208,2,3,220台灣新北市板橋區忠孝路,1,2,220台灣新北市板橋區忠孝路,3,121.465064,25.002683
220台灣新北市板橋區實踐路,50,1,0
121.463145,25.009301,121.464516,25.002582,3,1,2,0,1,0.000024,-0.000148,2,4,220台灣新北市板橋區忠孝路,1,3,220台灣新北市板橋區忠孝路,3,121.464516,25.002582
220台灣新北市板橋區忠孝路176巷,50,1,0
121.464813,25.001673,121.464534,25.002511,3,1,2,0,1,-0.000008,0.000066,2,3,220台灣新北市板橋區忠孝路,1,4,220台灣新北市板橋區忠孝路,3,121.464534,25.002511
220台灣新北市板橋區忠孝路154巷,50,1,0
121.464521,25.000214,121.464000,25.002416,3,1,2,0,1,-0.000021,0.000103,2,4,220台灣新北市板橋區忠孝路,1,5,220台灣新北市板橋區忠孝路,3,121.464000,25.002416
220台灣新北市板橋區忠孝路132巷,50,1,0
121.463784,25.001297,121.463451,25.002325,3,1,2,0,1,-0.000009,0.000092,2,5,220台灣新北市板橋區忠孝路,1,6,220台灣新北市板橋區忠孝路,3,121.463451,25.002325
220台灣新北市板橋區重慶路223巷,50,1,0
121.463027,25.000952,121.463319,25.002304,3,1,2,0,1,0.000000,0.000129,2,6,220台灣新北市板橋區忠孝路,1,7,220台灣新北市板橋區忠孝路,3,121.463319,25.002304
235台灣新北市中和區國光街215巷,50,1,0
121.466704,25.001198,121.466320,25.002118,3,1,2,0,1,-0.000027,0.000131,2,0,235台灣新北市中和區國光街,1,0,220台灣新北市板橋區忠孝路190巷,3,121.466320,25.002118
235台灣新北市中和區國光街184巷,50,1,0
121.468179,25.002203,121.466900,25.001967,3,1,2,0,1,-0.000098,-0.000019,2,0,235台灣新北市中和區國光街,1,1,235台灣新北市中和區國光街,3,121.466900,25.001967
235台灣新北市中和區國光街189巷,50,1,0
121.467563,25.001321,121.467384,25.001693,3,1,2,0,1,-0.000024,0.000068,2,2,235台灣新北市中和區國光街,1,1,235台灣新北市中和區國光街,3,121.467384,25.001693
235台灣新北市中和區國光街172巷,50,1,0
121.467701,25.002062,121.467728,25.001646,3,1,2,0,1,-0.000043,-0.000085,2,2,235台灣新北市中和區國光街,1,3,235台灣新北市中和區國光街,3,121.467728,25.001646
235台灣新北市中和區國光街171巷,50,1,0
121.467772,25.001307,121.468123,25.001414,3,1,2,0,1,0.000075,0.000022,2,4,235台灣新北市中和區國光街,1,3,235台灣新北市中和區國光街,3,121.468123,25.001414
235台灣新北市中和區國光街169巷,50,2,0
121.468037,25.000748,121.468286,25.000792,0,0,0,0,0
121.468286,25.000792,121.468326,25.001346,3,1,2,0,1,0.000003,0.000056,2,5,235台灣新北市中和區國光街,1,4,235台灣新北市中和區國光街,3,121.468326,25.001346
235台灣新北市中和區國光街140巷,50,1,0
121.468806,25.001453,121.468373,25.001398,3,1,2,0,1,-0.000083,-0.000019,2,4,235台灣新北市中和區國光街,1,5,235台灣新北市中和區國光街,3,121.468373,25.001398
235台灣新北市中和區國光街109巷,50,1,0
121.469402,24.999478,121.470051,25.000477,3,1,2,0,1,0.000043,0.000058,2,7,235台灣新北市中和區國光街,1,6,235台灣新北市中和區國光街,3,121.470051,25.000477
235台灣新北市中和區國光街102巷,50,2,0
121.471693,25.000698,121.470693,25.000681,0,0,0,0,0
121.470693,25.000681,121.470213,25.000443,3,1,2,0,1,-0.000062,-0.000029,2,7,235台灣新北市中和區國光街,1,8,235台灣新北市中和區國光街,3,121.470213,25.000443
235台灣新北市中和區國光街85巷,50,1,0
121.470374,24.999864,121.470605,25.000202,3,1,2,0,1,0.000027,0.000063,2,9,235台灣新北市中和區國光街,1,8,235台灣新北市中和區國光街,3,121.470605,25.000202
235台灣新北市中和區國光街36巷,50,1,0
121.471182,25.001859,121.471170,25.000311,3,1,2,0,1,0.000006,-0.000258,2,9,235台灣新北市中和區國光街,1,10,235台灣新北市中和區國光街,3,121.471170,25.000311
235台灣新北市中和區國光街8巷,50,1,0
121.471661,25.000665,121.471680,25.000313,3,1,2,0,1,0.000005,-0.000109,2,10,235台灣新北市中和區國光街,1,11,235台灣新北市中和區國光街,3,121.47168,25.000313
235台灣新北市中和區國光街6巷,50,1,0
121.471941,25.000743,121.471954,25.000318,3,1,2,0,1,0.000005,-0.000109,2,11,235台灣新北市中和區國光街,1,12,235台灣新北市中和區國光街,3,121.471954,25.000318
220台灣新北市板橋區重慶路269巷,50,4,0
121.463384,24.999990,121.465719,24.998634,0,1,0,1,0,0.000156,-0.000022,0,121.465719,24.998634
121.465705,24.999184,121.465748,24.998656,0,1,0,1,0,0.000013,-0.000117,0,121.465748,24.998656
121.465946,24.999172,121.465705,24.999184,0,0,0,0,0
121.466032,24.999629,121.465946,24.999172,0,0,0,0,0
235台灣新北市中和區華順街,50,2,0
121.464389,24.995310,121.465323,24.998363,3,1,1,0,1,0.000115,0.000156,2,0,235台灣新北市中和區壽德街,2,121.464801,24.995723
121.465323,24.998363,121.468261,24.998790,3,1,2,0,1,0.000118,0.000014,1,0,235台灣新北市中和區華安街,2,1,235台灣新北市中和區華安街,3,121.466062,24.998464
235台灣新北市中和區華安街16巷,50,2,0
121.466053,24.997341,121.466087,24.998423,3,1,2,0,1,0.000021,0.000070,1,0,235台灣新北市中和區華安街,2,1,235台灣新北市中和區華安街,3,121.466087,24.998423
121.466119,24.997875,121.466819,24.997899,3,1,2,0,1,0.000153,0.000012,1,2,235台灣新北市中和區華安街,2,3,235台灣新北市中和區華安街,3,121.466819,24.997899
235台灣新北市中和區華安街17巷,50,1,0
121.468190,24.998388,121.466669,24.998203,3,1,2,0,1,-0.000115,-0.000002,1,2,235台灣新北市中和區華安街,2,1,235台灣新北市中和區華安街,3,121.466669,24.998203
235台灣新北市中和區華安街19巷,50,1,0
121.468107,24.997986,121.466935,24.997898,3,1,2,0,1,-0.000086,-0.000012,1,3,235台灣新北市中和區華安街,2,2,235台灣新北市中和區華安街,3,121.466935,24.997898
235台灣新北市中和區華安街21巷,50,1,0
121.467477,24.997903,121.467383,24.997514,3,1,2,0,1,-0.000030,-0.000148,1,5,235台灣新北市中和區華安街,2,4,235台灣新北市中和區華安街,3,121.467383,24.997514
235台灣新北市中和區華安街30巷,50,1,0
121.466884,24.997276,121.467005,24.997738,3,1,2,0,1,0.000024,0.000073,1,3,235台灣新北市中和區華安街,2,4,235台灣新北市中和區華安街,3,121.467005,24.997738
235台灣新北市中和區華安街32巷,50,1,0
121.467263,24.997006,121.467263,24.997006,3,1,2,0,1,-0.000030,-0.000148,1,4,235台灣新北市中和區華安街,2,5,235台灣新北市中和區華安街,3,121.467263,24.997006
235台灣新北市中和區華福街71巷,50,1,0
121.467301,24.996970,121.467832,24.996880,3,1,2,0,1,0.000139,-0.000019,1,5,235台灣新北市中和區華安街,2,6,235台灣新北市中和區華安街,3,121.467832,24.996880
236台灣新北市土城區延壽路115巷,50,1,0
121.468735,24.994148,121.469041,24.994184,3,1,2,0,1,0.000091,0.000010,1,0,236台灣新北市土城區延壽路,2,1,236台灣新北市土城區延壽路,3,121.469041,24.994184
236台灣新北市土城區延壽路77巷,50,1,0
121.468677,24.992419,121.469189,24.992553,3,1,2,0,1,0.000091,0.000010,1,4,236台灣新北市土城區延壽路,2,5,236台灣新北市土城區延壽路,3,121.469189,24.992553
236台灣新北市土城區延壽路113巷,50,1,0
121.468639,24.993956,121.469068,24.994022,3,1,2,0,1,0.000091,0.000010,1,1,236台灣新北市土城區延壽路,2,2,236台灣新北市土城區延壽路,3,121.469068,24.994022
236台灣新北市土城區延壽路111巷,50,2,0
121.468266,24.993568,121.469092,24.993699,3,1,2,0,1,0.000091,0.000010,1,2,236台灣新北市土城區延壽路,2,3,236台灣新北市土城區延壽路,3,121.469092,24.993699
121.467604,24.993378,121.468266,24.993568,3,1,2,0,1,-0.000070,-0.000034,1,1,236台灣新北市土城區延平街,2,2,236台灣新北市土城區延平街,3,121.467604,24.993378
236台灣新北市土城區延壽路109巷,50,1,0
121.468379,24.993300,121.469033,24.993400,3,1,2,0,1,0.000091,0.000010,1,3,236台灣新北市土城區延壽路,2,4,236台灣新北市土城區延壽路,3,121.469033,24.993400
236台灣新北市土城區延平街69巷,50,3,0
121.467287,24.993151,121.467459,24.993389,3,1,2,0,1,0.000054,0.000063,1,0,236台灣新北市土城區延平街,2,1,236台灣新北市土城區延平街,3,121.467459,24.993389
121.467405,24.992796,121.467705,24.992866,3,1,2,0,1,0.000056,0.000022,1,2,236台灣新北市土城區延平街,2,3,236台灣新北市土城區延平街,3,121.467705,24.992866
121.467372,24.991838,121.467287,24.993151,0,0,0,0,0
236台灣新北市土城區延平街62巷,50,1,0
121.468086,24.992742,121.467890,24.992696,3,1,2,0,1,-0.000070,-0.000017,1,4,236台灣新北市土城區延平街,2,3,236台灣新北市土城區延平街,3,121.467890,24.992696
220台灣新北市板橋區和平路174巷,50,1,0
121.464137,24.995076,121.465746,24.993479,3,1,2,0,1,-0.000070,-0.000017,1,1,235台灣新北市中和區民德路,2,0,220台灣新北市板橋區廣權路,3,121.465746,24.993479
220台灣新北市板橋區五權街,50,1,0
121.462915,24.996265,121.465058,24.993037,3,1,2,0,1,0.000048,-0.000085,1,0,220台灣新北市板橋區廣權路,2,1,220台灣新北市板橋區廣權路,3,121.465058,24.993037
220台灣北市板橋區信義路279巷,50,3,0
121.465329,24.990563,121.464176,24.992411,3,1,2,0,1,0.000048,-0.000085,1,2,220台灣新北市板橋區廣權路,2,1,220台灣新北市板橋區廣權路,3,121.464176,24.992411
121.461066,24.989242,121.465329,24.990563,0,0,0,0,0
121.460462,24.990114,121.461066,24.989242,0,0,0,0,0
235台灣新北市中和區莒光路,50,4,1
121.471857,25.006428,121.471897,25.006058,2,0,0,0,0,0,0
121.471897,25.006058,121.472018,25.004756,2,0,0,0,0,0,0
121.472018,25.004756,121.472780,24.999428,3,1,1,1,1,0,0,0.000021,-0.000088,2,12,235台灣新北市中和區國光街,1,121.472018,25.004756,2,121.4727,25.000307
121.472780,24.999428,121.467416,24.993516,3,1,3,0,2,0,1,0.000225,0.000224,1,6,235台灣新北市中和區華安街,2,0,236台灣新北市土城區延壽路,2,0,236台灣新北市土城區延平街,3,121.469037,24.994702,2,121.467422,24.993511,1,121.470624,24.996590
235台灣新北市中和區壽德街,50,3,0
121.464834,24.995685,121.465843,24.995150,2,0,0,0,0
121.465843,24.995150,121.466664,24.994291,2,0,0,0,0
121.466664,24.994291,121.467436,24.993494,0,1,0,1,0,0.000215,-0.000253,1,121.467436,24.993494
235台灣新北市中和區德光路,50,3,0
121.472002,25.004780,121.468779,25.003486,3,1,3,1,2,0.000247,0.000117,1,1,235台灣新北市中和區莒光路,1,2,235台灣新北市中和區民生街35巷,2,2,235台灣新北市中和區德光路27巷,1,121.468779,25.003486,1,121.472002,25.00478,3,121.470712,25.004286
121.468779,25.003486,121.468052,25.003180,2,0,0,0,0
121.468052,25.003180,121.467717,25.003087,2,0,0,0,0
220台灣新北市板橋區忠孝路,50,8,0
121.467717,25.003087,121.466265,25.002790,2,0,0,0,0
121.466265,25.002790,121.465557,25.002693,2,0,0,0,0
121.465557,25.002693,121.465047,25.002642,2,0,0,0,0
121.465047,25.002642,121.464511,25.002547,2,0,0,0,0
121.464511,25.002547,121.463977,25.002467,2,0,0,0,0
121.463977,25.002467,121.463414,25.002365,2,0,0,0,0
121.463414,25.002365,121.463272,25.002350,2,0,0,0,0
121.463272,25.002350,121.462733,25.002260,2,0,0,0,0
220台灣新北市板橋區忠孝路190巷,50,1,0
121.465360,25.002559,121.466290,25.002165,2,0,0,0,0
220台灣新北市板橋區重慶路,50,1,0
121.461734,25.007347,121.463244,24.999034,3,1,1,0,1,-0.000006,0.000080,2,7,220台灣新北市板橋區忠孝路,2,121.462734,25.002257
235台灣新北市中和區國光街,50,13,0
121.466259,25.002178,121.466809,25.001957,2,0,0,0,0
121.466809,25.001957,121.467387,25.001722,2,0,0,0,0
121.467387,25.001722,121.467717,25.001610,2,0,0,0,0
121.467717,25.001610,121.468162,25.001430,2,0,0,0,0
121.468162,25.001430,121.468328,25.001372,2,0,0,0,0
121.468328,25.001372,121.468853,25.001140,2,0,0,0,0
121.468853,25.001140,121.470063,25.000510,2,0,0,0,0
121.470063,25.000510,121.470193,25.000426,2,0,0,0,0
121.470193,25.000426,121.470617,25.000227,2,0,0,0,0
121.470617,25.000227,121.471170,25.000285,2,0,0,0,0
121.471170,25.000285,121.471677,25.000290,2,0,0,0,0
121.471677,25.000290,121.471967,25.000300,2,0,0,0,0
121.471967,25.000300,121.472731,25.000305,2,0,0,0,0
235台灣新北市中和區華安街,50,7,0
121.465752,24.998628,121.466051,24.998466,2,0,0,0,0
121.466051,24.998466,121.466622,24.998178,2,0,0,0,0
121.466622,24.998178,121.466874,24.997901,2,0,0,0,0
121.466874,24.997901,121.467019,24.997755,2,0,0,0,0
121.467019,24.997755,121.467373,24.997485,2,0,0,0,0
121.467373,24.997485,121.467871,24.996839,2,0,0,0,0
121.467871,24.996839,121.469029,24.994726,2,0,0,0,0
236台灣新北市土城區延壽路,50,7,0
121.469029,24.994726,121.469084,24.994197,2,0,0,0,0
121.469084,24.994197,121.469108,24.994034,2,0,0,0,0
121.469108,24.994034,121.469132,24.993696,2,0,0,0,0
121.469132,24.993696,121.469081,24.993412,2,0,0,0,0
121.469081,24.993412,121.469237,24.992568,2,0,0,0,0
121.469237,24.992568,121.469694,24.992206,2,0,0,0,0
121.469694,24.992206,121.471620,24.989906,0,1,0,1,0,0.000177,-0.000088,1,121.465367,25.002508
236台灣新北市土城區延平街,50,6,0
121.467422,24.993511,121.467511,24.993404,2,0,0,0,0
121.467511,24.993404,121.467551,24.993351,2,0,0,0,0
121.467551,24.993351,121.467739,24.992882,2,0,0,0,0
121.467739,24.992882,121.467849,24.992680,2,0,0,0,0
121.467849,24.992680,121.467894,24.992480,2,0,0,0,0
121.467894,24.992480,121.468355,24.990418,0,1,0,1,0,0.000064,-0.000272,1,121.467894,24.992480
220台灣新北市板橋區廣權路,50,3,0
121.465776,24.993460,121.465078,24.993007,2,0,0,0,0
121.465078,24.993007,121.464161,24.992429,2,0,0,0,0
121.464161,24.992429,121.460126,24.990942,0,1,0,1,0,-0.000268,-0.000165,1,121.464154,24.992427
235台灣新北市中和區民德路,50,2,0
121.468776,25.003445,121.466713,24.994244,3,1,6,1,3,0.000096,0.000277,1,1,235台灣新北市中和區德光路,1,5,235台灣新北市中和區國光街,2,6,235台灣新北市中和區國光街,1,5,235台灣新北市中和區華安街,2,6,235台灣新北市中和區華安街,1,1,235台灣新北市中和區壽德街,1,121.466713,24.994244,1,121.466713,24.994244,3,121.467873,24.996835,3,121.468472,24.999243,1,121.468785,25.003479
121.466713,24.994244,121.465783,24.993429,2,0,0,0,0
235台灣新北市中和區民生街,50,3,0
121.470998,25.006549,121.471298,25.005873,0,0,0,0,0
121.471298,25.005873,121.470011,25.005319,3,1,1,0,1,-0.000083,-0.000032,1,0,235台灣新北市中和區民生街35巷,1,121.470300,25.005414
121.470011,25.005319,121.468514,25.004804,0,0,0,0,0
236台灣新北市土城區承天路107巷,60,2,0
121.446551,24.954266,121.446224,24.954312,2,0,0,0,0
121.446224,24.954312,121.446178,24.954995,2,0,0,0,0
236台灣新北市土城區南天母路171巷,60,4,0
121.448484,24.953488,121.447972,24.951146,0,0,0,0,0
121.449262,24.954841,121.449697,24.952232,2,0,0,0,0
121.450794,24.956405,121.449262,24.954841,2,0,0,0,0
121.454750,24.953724,121.450794,24.956405,2,0,0,0,0
236台灣新北市土城區承天路,60,12,1
121.446495,24.950606,121.446602,24.949555,0,0,0,0,0,0,0
121.446602,24.949555,121.447836,24.949477,0,0,0,0,0,0,0
121.447836,24.949477,121.448783,24.949034,0,0,0,0,0,0,0
121.448783,24.949034,121.449531,24.948961,0,0,0,0,0,0,0
121.449531,24.948961,121.449447,24.949403,0,1,0,1,0,0,1,-0.000027,0.000126,0,121.449447,24.949403,1,121.449491,24.949253
121.449447,24.949403,121.447982,24.951091,2,0,0,0,0,0,0
121.447918,24.951125,121.447719,24.952935,3,1,1,1,1,0,1,0.000001,0.000175,1,7,236台灣新北市土城區承天路,1,121.447918,24.951125,1,121.447719,24.952935,2,121.447788,24.951273
121.447719,24.952935,121.446547,24.954263,2,0,0,0,0,0,0
121.446174,24.954997,121.444611,24.958241,2,0,0,0,0,0,0
121.444611,24.958241,121.444427,24.958988,3,1,1,0,1,0,0,0.000029,-0.000098,2,8,236台灣新北市土城區承天路,2,121.444619,24.958336
121.444427,24.958988,121.443309,24.959368,0,0,0,0,0,0,0
121.443309,24.959368,121.442765,24.960756,0,1,0,0,0,0,1,0.000053,-0.000060,2,121.443084,24.960448
236台灣新北市土城區南天母路135巷,60,2,0
121.448476,24.953512,121.449314,24.954659,3,1,2,0,1,0.000054,0.000122,2,0,236台灣新北市土城區南天母路171巷,1,1,236台灣新北市土城區南天母路171巷,3,121.449314,24.954659
121.447699,24.953949,121.449185,24.954788,3,1,2,0,1,0.000129,0.000015,2,0,236台灣新北市土城區南天母路171巷,1,1,236台灣新北市土城區南天母路171巷,3,121.449185,24.954788
236台灣新北市土城區南天母路111巷26弄,60,3,0
121.448434,24.954997,121.449118,24.955493,2,0,0,0,0
121.449118,24.955493,121.449402,24.956434,0,1,0,1,0,-0.000046,0.000085,1,121.449118,24.955493
121.449402,24.956434,121.448388,24.956415,0,0,0,0,0
236台灣新北市土城區南天母路111巷,60,2,0
121.448230,24.957546,121.448428,24.955060,0,1,0,1,0,-0.000054,-0.000129,1,121.448428,24.955060
121.448428,24.955060,121.447908,24.954856,2,0,0,0,0
236台灣新北市土城區南天母路97巷,60,1,0
121.447825,24.957108,121.447911,24.955754,2,0,0,0,0
236台灣新北市土城區南天母路91巷,60,1,0
121.447426,24.956980,121.447474,24.956173,2,0,0,0,0
236台灣新北市土城區南天母路65巷,60,1,0
121.446834,24.958302,121.446884,24.956719,2,0,0,0,0
236台灣新北市土城區南天母路52巷,60,1,0
121.447301,24.955606,121.446791,24.955897,2,0,0,0,0
236台灣新北市土城區南天母路,60,21,1
121.444645,24.958326,121.444870,24.957912,3,1,1,0,1,0,1,0.000059,-0.000100,2,8,236台灣新北市土城區承天路,2,121.444635,24.958304,2,121.444642,24.958284
121.444870,24.957912,121.445098,24.957558,0,0,0,0,0,0,0
121.445098,24.957558,121.445333,24.957270,0,0,0,0,0,0,0
121.445333,24.957270,121.445579,24.956962,0,1,0,0,0,0,1,0.000070,-0.000083,2,121.445378,24.957229
121.445579,24.956962,121.445825,24.956641,0,0,0,0,0,0,0
121.445825,24.956641,121.446168,24.956160,0,0,0,0,0,0,0,
121.446168,24.956160,121.446227,24.955632,0,1,0,0,0,0,1,-0.000013,0.000143,1,121.446237,24.955802
121.446227,24.955632,121.446265,24.955321,0,0,0,0,0,0,0
121.446265,24.955321,121.446539,24.955039,3,1,1,0,1,0,0,0.000068,-0.000144,2,1,236台灣新北市土城區承天路107巷,2,121.446326,24.955156
121.446539,24.955039,121.446754,24.955229,0,0,0,0,0,0,0
121.446754,24.955229,121.446770,24.955623,0,1,0,0,0,0,1,0.000008,0.000068,1,121.446765,24.955288
121.446770,24.955623,121.446577,24.956250,3,1,1,0,1,0,1,-0.000016,0.000080,2,0,236台灣新北市土城區南天母路52巷,2,121.446739,24.955905,1,121.446770,24.955728
121.446577,24.956250,121.446379,24.956697,0,1,0,0,0,0,1,-0.000027,0.000056,1,121.446487,24.956464
121.446379,24.956697,121.446243,24.956983,0,0,0,0,0,0,0
121.446243,24.956983,121.446317,24.957295,0,0,0,0,0,0,0
121.446317,24.957295,121.446636,24.957057,0,1,0,0,0,0,1,0.000070,0.000053,1,121.446476,24.957259
121.446636,24.957057,121.447121,24.956401,3,1,1,0,1,0,1,-0.000021,0.000033,2,0,236台灣新北市土城區南天母路65巷,2,121.446852,24.956673,1,121.446855,24.956674
121.447121,24.956401,121.447963,24.955637,3,1,2,0,2,0,1,0.000042,-0.000043,1,0,236台灣新北市土城區南天母路91巷,1,0,236台灣新北市土城區南天母路97巷,1,121.447464,24.956136,1,121.447901,24.955723,2,121.447899,24.955721
121.447963,24.955637,121.447987,24.955085,0,1,0,0,0,0,1,-0.000032,0.000051,2,121.448014,24.955126
121.447987,24.955085,121.447614,24.954025,3,1,1,0,1,0,1,0.000022,0.000031,2,0,236台灣新北市土城區南天母路111巷26弄,2,121.447863,24.954865,2,121.447872,24.954865
121.447614,24.954025,121.447703,24.953006,3,1,1,0,1,0,2,-0.000008,0.000287,1,6,236台灣新北市土城區承天路,1,121.447695,24.953002,2,121.447685,24.953377,2,121.447705,24.953162
