11
236台灣新北市土城區承天路107巷,60,2,0
121.446551,24.954266,121.446224,24.954312,2,0,0,0,0
121.446224,24.954312,121.446178,24.954995,2,0,0,0,0
236台灣新北市土城區南天母路171巷,60,4,0
121.448484,24.953488,121.447972,24.951146,0,0,0,0,0
121.449262,24.954841,121.449697,24.952232,2,0,0,0,0
121.450794,24.956405,121.449262,24.954841,2,0,0,0,0
121.454750,24.953724,121.450794,24.956405,2,0,0,0,0
236台灣新北市土城區承天路,60,12,1
121.446495,24.950606,121.446602,24.949555,0,0,0,0,0,0,0
121.446602,24.949555,121.447836,24.949477,0,0,0,0,0,0,0
121.447836,24.949477,121.448783,24.949034,0,0,0,0,0,0,0
121.448783,24.949034,121.449531,24.948961,0,0,0,0,0,0,0
121.449531,24.948961,121.449447,24.949403,0,1,0,1,0,0,1,-0.000027,0.000126,0,121.449447,24.949403,1,121.449491,24.949253
121.449447,24.949403,121.447982,24.951091,2,0,0,0,0,0,0
121.447918,24.951125,121.447719,24.952935,3,1,1,1,1,0,1,0.000001,0.000175,1,7,236台灣新北市土城區承天路,1,121.447918,24.951125,1,121.447719,24.952935,2,121.447788,24.951273
121.447719,24.952935,121.446547,24.954263,2,0,0,0,0,0,0
121.446174,24.954997,121.444611,24.958241,2,0,0,0,0,0,0
121.444611,24.958241,121.444427,24.958988,3,1,1,0,1,0,0,0.000029,-0.000098,2,8,236台灣新北市土城區承天路,2,121.444619,24.958336
121.444427,24.958988,121.443309,24.959368,0,0,0,0,0,0,0
121.443309,24.959368,121.442765,24.960756,0,1,0,0,0,0,1,-0.000053,0.000060,2,121.443084,24.960448
236台灣新北市土城區南天母路135巷,60,2,0
121.448476,24.953512,121.449314,24.954659,3,1,2,0,1,0.000054,0.000122,2,0,236台灣新北市土城區南天母路171巷,1,1,236台灣新北市土城區南天母路171巷,3,121.449314,24.954659
121.447699,24.953949,121.449185,24.954788,3,1,2,0,1,0.000129,0.000015,2,0,236台灣新北市土城區南天母路171巷,1,1,236台灣新北市土城區南天母路171巷,3,121.449185,24.954788
236台灣新北市土城區南天母路111巷26弄,60,3,0
121.448434,24.954997,121.449118,24.955493,2,0,0,0,0
121.449118,24.955493,121.449402,24.956434,0,1,0,1,0,-0.000046,0.000085,1,121.449118,24.955493
121.449402,24.956434,121.448388,24.956415,0,0,0,0,0
236台灣新北市土城區南天母路111巷,60,2,0
121.448230,24.957546,121.448428,24.955060,0,1,0,1,0,-0.000054,-0.000129,1,121.448428,24.955060
121.448428,24.955060,121.447908,24.954856,2,0,0,0,0
236台灣新北市土城區南天母路97巷,60,1,0
121.447825,24.957108,121.447911,24.955754,2,0,0,0,0
236台灣新北市土城區南天母路91巷,60,1,0
121.447426,24.956980,121.447474,24.956173,2,0,0,0,0
236台灣新北市土城區南天母路65巷,60,1,0
121.446834,24.958302,121.446884,24.956719,2,0,0,0,0
236台灣新北市土城區南天母路52巷,60,1,0
121.447301,24.955606,121.446791,24.955897,2,0,0,0,0
236台灣新北市土城區南天母路,60,21,1
121.444645,24.958326,121.444870,24.957912,3,1,1,0,1,0,1,0.000059,-0.000100,2,8,236台灣新北市土城區承天路,2,121.444635,24.958304,2,121.444642,24.958284
121.444870,24.957912,121.445098,24.957558,0,0,0,0,0,0,0
121.445098,24.957558,121.445333,24.957270,0,0,0,0,0,0,0
121.445333,24.957270,121.445579,24.956962,0,1,0,0,0,0,1,0.000070,-0.000083,2,121.445378,24.957229
121.445579,24.956962,121.445825,24.956641,0,0,0,0,0,0,0
121.445825,24.956641,121.446168,24.956160,0,0,0,0,0,0,0,
121.446168,24.956160,121.446227,24.955632,0,1,0,0,0,0,1,-0.000013,0.000143,1,121.446237,24.955802
121.446227,24.955632,121.446265,24.955321,0,0,0,0,0,0,0
121.446265,24.955321,121.446539,24.955039,3,1,1,0,1,0,0,0.000068,-0.000144,2,1,236台灣新北市土城區承天路107巷,2,121.446326,24.955156
121.446539,24.955039,121.446754,24.955229,0,0,0,0,0,0,0
121.446754,24.955229,121.446770,24.955623,0,1,0,0,0,0,1,0.000008,0.000068,1,121.446765,24.955288
121.446770,24.955623,121.446577,24.956250,3,1,1,0,1,0,1,-0.000016,0.000080,2,0,236台灣新北市土城區南天母路52巷,2,121.446739,24.955905,1,121.446770,24.955728
121.446577,24.956250,121.446379,24.956697,0,1,0,0,0,0,1,-0.000027,0.000056,1,121.446487,24.956464
121.446379,24.956697,121.446243,24.956983,0,0,0,0,0,0,0
121.446243,24.956983,121.446317,24.957295,0,0,0,0,0,0,0
121.446317,24.957295,121.446636,24.957057,0,1,0,0,0,0,1,0.000070,0.000053,1,121.446476,24.957259
121.446636,24.957057,121.447121,24.956401,3,1,1,0,1,0,1,-0.000021,0.000033,2,0,236台灣新北市土城區南天母路65巷,2,121.446852,24.956673,1,121.446855,24.956674
121.447121,24.956401,121.447963,24.955637,3,1,2,0,2,0,1,-0.000042,0.000043,2,0,236台灣新北市土城區南天母路91巷,2,0,236台灣新北市土城區南天母路97巷,2,121.447464,24.956136,2,121.447901,24.955723,1,121.447899,24.955721
121.447963,24.955637,121.447987,24.955085,0,0,0,0,0,0,1,0.000032,-0.000051,2,121.447984,24.955605
121.447987,24.955085,121.447614,24.954025,3,1,1,0,1,0,1,0.000022,0.000031,2,0,236台灣新北市土城區南天母路111巷26弄,2,121.447863,24.954865,2,121.447872,24.954865
121.447614,24.954025,121.447703,24.953006,0,1,1,0,1,0,2,-0.000008,0.000287,1,6,236台灣新北市土城區承天路,1,121.447695,24.953002,2,121.447685,24.953377,2,121.447705,24.953162
